---
image_width: 640
image_height: 480
camera_name: camera
camera_matrix:
  rows: 3
  cols: 3
  data: [534.673, 0, 314.62, 0, 534.174, 240.311, 0, 0, 1]
distortion_model: plumb_bob
distortion_coefficients:
  rows: 1
  cols: 5
  data: [0.0705886, -0.172566, -0.000877228, 0.00467186, 0]
rectification_matrix:
  rows: 3
  cols: 3
  data: [1, 0, 0, 0, 1, 0, 0, 0, 1]
projection_matrix:
  rows: 3
  cols: 4
  data: [534.673, 0, 314.62, 0, 0, 534.174, 240.311, 0, 0, 0, 1, 0]