image_width: 640
image_height: 480
camera_name: 00b09d010062bd79
camera_matrix:
  rows: 3
  cols: 3
  data: [532.189, 0, 330.678, 0, 531.287, 260.733, 0, 0, 1]
distortion_coefficients:
  rows: 1
  cols: 5
  data: [-0.346108, 0.175998, 0.00132941, 0.00231698, 0]
rectification_matrix:
  rows: 3
  cols: 3
  data: [1, 0, 0, 0, 1, 0, 0, 0, 1]
projection_matrix:
  rows: 3
  cols: 4
  data: [532.189, 0, 330.678, 0, 0, 531.287, 260.733, 0, 0, 0, 1, 0]