offset_lat: 42.6778389 
offset_long: -83.1952306 
lat_conversion_to_m: 111090.0
long_conversion_to_m: 81968.0

