offset_lat: 41.5020556182505373 
offset_long:-81.6059136402702165 
lat_conversion_to_m: 111063.5799731039
long_conversion_to_m: 83494.53777221624

