offset_lat: 41.501246 
offset_long: -81.6077728
lat_conversion_to_m: 111063.5799731039
long_conversion_to_m: 83494.53777221624

