image_width: 640
image_height: 480
camera_name: camera
camera_matrix:
  rows: 3
  cols: 3
  data: [583.647, 0, 323.143, 0, 584.653, 202.612, 0, 0, 1]
distortion_coefficients:
  rows: 1
  cols: 5
  data: [0.0602548, -0.258968, 0.00864456, 0.0102633, 0]
rectification_matrix:
  rows: 3
  cols: 3
  data: [1, 0, 0, 0, 1, 0, 0, 0, 1]
projection_matrix:
  rows: 3
  cols: 4
  data: [583.647, 0, 323.143, 0, 0, 584.653, 202.612, 0, 0, 0, 1, 0]