image_width: 640
image_height: 480
camera_name: camera
camera_matrix:
  rows: 3
  cols: 3
  data: [2256.75, 0, 398.462, 0, 2099.95, 323.904, 0, 0, 1]
distortion_coefficients:
  rows: 1
  cols: 5
  data: [0.351705, -11.6284, -0.0195507, 0.03058, 0]
rectification_matrix:
  rows: 3
  cols: 3
  data: [1, 0, 0, 0, 1, 0, 0, 0, 1]
projection_matrix:
  rows: 3
  cols: 4
  data: [2256.75, 0, 398.462, 0, 0, 2099.95, 323.904, 0, 0, 0, 1, 0]