<?xml version="1.0"?>
<opencv_storage>
<front_H type_id="opencv-matrix">
  <rows>3</rows>
  <cols>3</cols>
  <dt>f</dt>
  <data>
    -6.79697466e+00 -1.61897447e-02 2.74270728e+03 7.14151680e-01
    5.09178925e+00 -1.40222961e+03 -8.81024462e-05 -2.40593404e-03 1.</data></front_H>
</opencv_storage>
