<?xml version="1.0"?>
<opencv_storage>
<front_H type_id="opencv-matrix">
  <rows>3</rows>
  <cols>3</cols>
  <dt>f</dt>
  <data>
    -4.32290649e+00 1.39813647e-01 1.60484924e+03 4.73875105e-01
    3.07105350e+00 -4.30526611e+02 -4.89726721e-04 -1.51101279e-03 1.</data></front_H>
</opencv_storage>
