<?xml version="1.0"?>
<opencv_storage>
<front_H type_id="opencv-matrix">
  <rows>3</rows>
  <cols>3</cols>
  <dt>f</dt>
  <data>
    -4.30652618e+00 1.39283955e-01 1.59998438e+03 4.72079486e-01
    3.05941868e+00 -4.36407928e+02 -4.87871002e-04 -1.50528830e-03 1.</data></front_H>
</opencv_storage>
