<?xml version="1.0"?>
<opencv_storage>
<H type_id="opencv-matrix">
  <rows>3</rows>
  <cols>3</cols>
  <dt>f</dt>
  <data>
    1.83083379e+00 8.16532001e-02 -4.98260406e+02 -3.23162526e-01
    1.41902554e+00 7.62833328e+01 -6.83995895e-05 -5.94453013e-04 1.</data></H>
</opencv_storage>
