<?xml version="1.0"?>
<opencv_storage>
<front_H type_id="opencv-matrix">
  <rows>3</rows>
  <cols>3</cols>
  <dt>f</dt>
  <data>
    1.54470599e+00 -5.74831188e-01 -1.34529495e+02 -1.29048958e-01
    -1.37951994e+00 5.75130249e+02 6.58551508e-05 -1.68309384e-03 1.</data></front_H>
</opencv_storage>
