<?xml version="1.0"?>
<opencv_storage>
<front_H type_id="opencv-matrix">
  <rows>3</rows>
  <cols>3</cols>
  <dt>f</dt>
  <data>
    -4.36343098e+00 3.08047738e-02 2.42483252e+03 4.19545412e-01
    3.18921065e+00 -5.38679260e+02 -3.28677241e-04 -1.47684396e-03 1.</data></front_H>
</opencv_storage>
