<?xml version="1.0"?>
<opencv_storage>
<front_H type_id="opencv-matrix">
  <rows>3</rows>
  <cols>3</cols>
  <dt>f</dt>
  <data>
    -6.08193922e+00 -2.14964375e-02 2.45726099e+03 5.66558123e-01
    4.46099758e+00 -1.20335815e+03 -4.18229727e-04 -2.07280298e-03 1.</data></front_H>
</opencv_storage>
