<?xml version="1.0"?>
<opencv_storage>
<rear_H type_id="opencv-matrix">
  <rows>3</rows>
  <cols>3</cols>
  <dt>f</dt>
  <data>
    -9.55631828e+00 -7.98655748e-01 2.23382129e+03 5.49764693e-01
    6.53941536e+00 -2.63848657e+03 -5.13664621e-04 -4.11767745e-03 1.</data></rear_H>
</opencv_storage>
