<?xml version="1.0"?>
<opencv_storage>
<rear_H type_id="opencv-matrix">
  <rows>3</rows>
  <cols>3</cols>
  <dt>f</dt>
  <data>
    -8.21764755e+00 -9.94414806e-01 2.02308337e+03 4.73012239e-01
    5.44785213e+00 -2.21622729e+03 -2.31243932e-04 -4.08010883e-03 1.</data></rear_H>
</opencv_storage>
