<?xml version="1.0"?>
<opencv_storage>
<rear_H type_id="opencv-matrix">
  <rows>3</rows>
  <cols>3</cols>
  <dt>f</dt>
  <data>
    -2.14952469e+01 -2.39616466e+00 2.27911499e+03 1.13336051e+00
    1.47799702e+01 -7.69539893e+03 -3.22777254e-04 -9.69308615e-03 1.</data></rear_H>
</opencv_storage>
