<?xml version="1.0"?>
<opencv_storage>
<H type_id="opencv-matrix">
  <rows>3</rows>
  <cols>3</cols>
  <dt>f</dt>
  <data>
    1.59891856e+00 -3.87010813e-01 -3.62901611e+02 -2.02238888e-01
    1.07936251e+00 5.17255135e+01 -3.05499474e-04 -8.88526789e-04 1.</data></H>
</opencv_storage>
