<?xml version="1.0"?>
<opencv_storage>
<H type_id="opencv-matrix">
  <rows>3</rows>
  <cols>3</cols>
  <dt>f</dt>
  <data>
    -3.42395515e+01 4.76403475e+00 8.84050684e+03 -5.59753799e+00
    -3.10969982e+01 1.10050664e+04 -7.96473399e-03 4.56763059e-03 1.</data></H>
</opencv_storage>
