image: 2nd_floor_one_door_5cm.pgm
resolution: 0.050000
origin: [-44.000000, -100.000000, 0.000000]
negate: 0
occupied_thresh: 0.65
free_thresh: 0.196

