image: glennan_2_2012-12-08.pgm
resolution: 0.050000
origin: [-102.5000000, -5.000000, 0.000000]
negate: 0
occupied_thresh: 0.65
free_thresh: 0.196

