image_width: 640
image_height: 480
camera_name: front_camera
camera_matrix:
  rows: 3
  cols: 3
  data: [1024.29, 0, 328.022, 0, 1024.87, 227.757, 0, 0, 1]
distortion_coefficients:
  rows: 1
  cols: 5
  data: [-0.164285, -0.00538237, -0.00205885, 0.000368924, 0]
rectification_matrix:
  rows: 3
  cols: 3
  data: [1, 0, 0, 0, 1, 0, 0, 0, 1]
projection_matrix:
  rows: 3
  cols: 4
  data: [1024.29, 0, 328.022, 0, 0, 1024.87, 227.757, 0, 0, 0, 1, 0]