image_width: 640
image_height: 480
camera_name: front_camera
camera_matrix:
  rows: 3
  cols: 3
  data: [494.89, 0, 309.77, 0, 495.262, 235.23, 0, 0, 1]
distortion_coefficients:
  rows: 1
  cols: 5
  data: [-0.296845, 0.121984, 0.000777442, -0.00012702, 0]
rectification_matrix:
  rows: 3
  cols: 3
  data: [1, 0, 0, 0, 1, 0, 0, 0, 1]
projection_matrix:
  rows: 3
  cols: 4
  data: [494.89, 0, 309.77, 0, 0, 495.262, 235.23, 0, 0, 0, 1, 0]