image_width: 640
image_height: 480
camera_name: front_camera
camera_matrix:
  rows: 3
  cols: 3
  data: [1027.98, 0, 323.262, 0, 1030.6, 234.199, 0, 0, 1]
distortion_coefficients:
  rows: 1
  cols: 5
  data: [-0.166378, 0.0349612, -0.00237188, 0.000801209, 0]
rectification_matrix:
  rows: 3
  cols: 3
  data: [1, 0, 0, 0, 1, 0, 0, 0, 1]
projection_matrix:
  rows: 3
  cols: 4
  data: [1027.98, 0, 323.262, 0, 0, 1030.6, 234.199, 0, 0, 0, 1, 0]