image_width: 640
image_height: 480
camera_name: front_camera
camera_matrix:
  rows: 3
  cols: 3
  data: [488.072, 0, 307.055, 0, 488.942, 225.306, 0, 0, 1]
distortion_coefficients:
  rows: 1
  cols: 5
  data: [-0.297597, 0.1219, 0.000916861, 0.000344877, 0]
rectification_matrix:
  rows: 3
  cols: 3
  data: [1, 0, 0, 0, 1, 0, 0, 0, 1]
projection_matrix:
  rows: 3
  cols: 4
  data: [488.072, 0, 307.055, 0, 0, 488.942, 225.306, 0, 0, 0, 1, 0]